 0.000    3.000
 0.001    2.996
 0.002    2.986
 0.003    2.969
 0.004    2.947
 0.005    2.921
 0.006    2.889
 0.007    2.854
 0.008    2.815
 0.009    2.774
 0.010    2.729
 0.011    2.683
 0.012    2.634
 0.013    2.584
 0.014    2.533
 0.015    2.480
 0.016    2.426
 0.017    2.372
 0.018    2.317
 0.019    2.262
 0.020    2.207
 0.021    2.152
 0.022    2.097
 0.023    2.042
 0.024    1.988
 0.025    1.934
 0.026    1.880
 0.027    1.828
 0.028    1.775
 0.029    1.724
 0.030    1.673
 0.031    1.624
 0.032    1.575
 0.033    1.527
 0.034    1.480
 0.035    1.434
 0.036    1.389
 0.037    1.344
 0.038    1.301
 0.039    1.259
 0.040    1.218
 0.041    1.178
 0.042    1.139
 0.043    1.101
 0.044    1.064
 0.045    1.028
 0.046    0.993
 0.047    0.958
 0.048    0.925
 0.049    0.893
 0.050    0.862
 0.051    0.832
 0.052    0.802
 0.053    0.774
 0.054    0.746
 0.055    0.719
 0.056    0.693
 0.057    0.668
 0.058    0.644
 0.059    0.620
 0.060    0.597
 0.061    0.575
 0.062    0.554
 0.063    0.534
 0.064    0.514
 0.065    0.494
 0.066    0.476
 0.067    0.458
 0.068    0.441
 0.069    0.424
 0.070    0.408
 0.071    0.392
 0.072    0.377
 0.073    0.363
 0.074    0.349
 0.075    0.335
 0.076    0.322
 0.077    0.310
 0.078    0.298
 0.079    0.286
 0.080    0.275
 0.081    0.264
 0.082    0.254
 0.083    0.244
 0.084    0.234
 0.085    0.225
 0.086    0.216
 0.087    0.207
 0.088    0.199
 0.089    0.191
 0.090    0.183
 0.091    0.176
 0.092    0.169
 0.093    0.162
 0.094    0.156
 0.095    0.149
 0.096    0.143
 0.097    0.137
 0.098    0.132
 0.099    0.126
 0.100    0.121
 0.101    0.116
 0.102    0.112
 0.103    0.107
 0.104    0.103
 0.105    0.098
 0.106    0.094
 0.107    0.090
 0.108    0.087
 0.109    0.083
 0.110    0.080
 0.111    0.076
 0.112    0.073
 0.113    0.070
 0.114    0.067
 0.115    0.064
 0.116    0.062
 0.117    0.059
 0.118    0.057
 0.119    0.054
 0.120    0.052
 0.121    0.050
 0.122    0.048
 0.123    0.046
 0.124    0.044
 0.125    0.042
 0.126    0.040
 0.127    0.039
 0.128    0.037
 0.129    0.035
 0.130    0.034
 0.131    0.032
 0.132    0.031
 0.133    0.030
 0.134    0.028
 0.135    0.027
 0.136    0.026
 0.137    0.025
 0.138    0.024
 0.139    0.023
 0.140    0.022
 0.141    0.021
 0.142    0.020
 0.143    0.019
 0.144    0.018
 0.145    0.018
 0.146    0.017
 0.147    0.016
 0.148    0.015
 0.149    0.015
 0.150    0.014
 0.151    0.013
 0.152    0.013
 0.153    0.012
 0.154    0.012
 0.155    0.011
 0.156    0.011
 0.157    0.010
 0.158    0.010
 0.159    0.009
 0.160    0.009
 0.161    0.009
 0.162    0.008
 0.163    0.008
 0.164    0.008
 0.165    0.007
 0.166    0.007
 0.167    0.007
 0.168    0.006
 0.169    0.006
 0.170    0.006
 0.171    0.006
 0.172    0.005
 0.173    0.005
 0.174    0.005
 0.175    0.005
 0.176    0.004
 0.177    0.004
 0.178    0.004
 0.179    0.004
 0.180    0.004
 0.181    0.004
 0.182    0.003
 0.183    0.003
 0.184    0.003
 0.185    0.003
 0.186    0.003
 0.187    0.003
 0.188    0.003
 0.189    0.002
 0.190    0.002
 0.191    0.002
 0.192    0.002
 0.193    0.002
 0.194    0.002
 0.195    0.002
 0.196    0.002
 0.197    0.002
 0.198    0.002
 0.199    0.002
